column,start,length
tag,1,15
julian_date,16,11
date,27,11
lv_type,48,25
variant,73,7
flight_id,80,21
flight,101,25
mission,126,25
flight_code,151,25
platform,176,10
launch_site,186,9
launch_pad,195,17
apogee_km,212,7
apoflag,219,2
range,221,5
range_flag,226,2
destination,228,13
agency,241,13
launch_code,254,5
launch_group,259,25
category,284,25
citation1,309,21
citation2,330,21
notes,351,31